0101001001100101100011110101010101000100100110111011001011001100
0000101110000011001111110011011011011010001001001011001010110011
1111101010000000110110011011011001100100000110011110010100110011
1011010110110101000101111111011100111001000101000010010000101000
0100011011001100010101000101111011010011111110011010011110001111
0001011101011011010011111011001111001000011100110110000110101101
0001110111000111001001111111111001000011100000011001100101001101
1001000011000111011010010011111110000011110001101011000101011010
1000110010100100101000110010100111001001101000100110001100001100
0110011111001110010001101110100111000010111101101110110100101001
0000000000010110011000111010010000010000000000000111100000100011
1111001010110111000100011000100101111110001011101100010111001100
0101001101000001000111000011111010001110110000100000100011110100
1010110010010110010100101001010001110100010110000100011001111010
0110111011010101101110110010100110101001001101011110000001110110
0100101011100001110101001010101110010111001011001111000111010001
1001100001110111000000100100111111001100010111010001000101001011
1100010110010001010000111000111110000100011110001100010110111011
1011011011111111011011101010101101010011011000111110101011011100
1101111001100010111101000111100011010000101000011001001001100011
1100101101001100000101100010101000000111110011101111001011001111
0110100011111011001100110101101100101101000111010010101111001010
0000001100010010011110100011011010110100001001000111100000010010
0101001111011001001000001000111100100001110110111101011101101001
1011011001001110101111111000101100010011111001110100110010011011
0001100000011001101010010010100011011010101101000011111011010110
0110010100010111000100110000011010100001001111100110100111011010
0001001100100000011010111010101111100111111001001000100110110111
0000001011001011001000000111011110100101110101001100011001100001
0101111111111110100010010000010111011001000111011001101000011001
0110000011000001110100111010100101000101011010000110111100001001
0100001110110100111110001111001011110001111010001110111101110000
0110111010111110001111100100011100000010111101110000000111000111
1001000011111000000111011011001110001011000000011101011101101111
0000001100001011000011010010101000100110111101100001101010010000
1110100100100011010000011101001101110001001010100101001111011001
0010001101011011010001111011011001111101000011100011111000100001
0001110000011001110110110101001000111000011010111011101001010110
1110011110010010001001000110110101100011110001110011011100110001
1001010111100000011110101011001110101110001100011110011000000000
0111011110010001100011101010101111111111111010010011010101010010
1111001011111011001011001000010111101000110001110011101111001111
0000011011101001001011011011111101011011001001110010011111000111
1000100010001001100100100001000010001001010010001100011100110001
1000111101101101000110110100000110011110011101110010000101001111
0011110010000100111001011011100110111010000011111111100010111001
1001000101111001111101110111010110110001001100101000001001110110
0110111101001010001000000110110100110110000111011111111001001010
1001111000000001000000010111100111111100100110101000110001011111
1010101110111010001011010010101111111001011101011101100101100011
1111100011100111001101111010000010100110001100010011011000110100
1010110010100100000010000101100101000010100000101111101110110110
1100100110010100111000101011101001000101010100011000111100010100
1100110111110101000101010111110111010000000001111001001100001111
0100000110100010111101111000000101100111111001001111011110010010
1011101100111000000000111100000100010010100110101100010010101011
1101101111100011111110001111110010110100111100101001100101110001
1101110101100001000100111010111000110000100000011100001011101010
0000011001101100101111110100101101100000011111011101110011011100
0000001111111110101101111100010011011111100000001111111111001100
0010011111000011100010110101100000101010010110111100000011111100
1000011100000011011010111011011110101011001010001011111101100110
0110100100010010000101001000011101101101010110110000111111001100
0011111000100110101011101101110101010101000100001110010100010010
1011000111101010010110011101000010101100001111000100101110010010
1111011101010100101011001100110101010000010110101001110011001101
0010110101010010101010111111010010100100011010101010011000100010
0000100100110010100000010101011100100100101011101010110101010101
0000011010100100011110000100101100111010110110100100000100001100
0100000111000001001011100011001000100111111101010000111001100000
0101001110010011100001100110011001101001101100001100000101110110
0011101110000100010001111010011111011000001100111101110101010101
1101100000100011110000010101000010110111000110000110011110011111
1001000011100011101110010001011001111110011010110100101111010000
1011001110101110111100010101000011000010010100101101111100001011
0111111001101100010010101100111100111001100011100000001011000010
1111011011010000100110110001011010110010101010101110111110010010
0100111010010000100111100101100100010100001011111110010011111110
0101101000101010100110101100011110110001001101110100011110110010
1110010010100010101001010010010101111101011101100101010001101101
1111101111010101111101010000011010001111010000100000111011010011
1101101000100000110111111110000100010110000110000101111111011011
0111011011000111001111011101111001000110111100010101010111010010
1101011100110110000110010110001000001011011001100010011000011000
0101100110100001100010110101010011110001000010001100000001000110
0100101110110010000101101111001000100101100110010011100000110110
1111000111101101110010000011110101011101111010110010000111000111
0001100010010001100110000100110110000011001000111001001000000010
1001010110011110100100101000011011110101010111001110000110000111
0110011001111110100011101100011010111101001000011100000111101001
1100110000101111110011010101000010101010010000101100011011101100
1000101010100000100010100010011010001100100110111010000100010010
0100000100111111101011011011000101111110110000110110100111101000
1110001101111011000010100101101011000100101001000100111001010010
0111110011111110110100100000110011011101111010111011001011111010
1110110001111111001100110011111110100101101101011001000011010111
0110111001100010101000000101000010101100011101000001100100110011
0010101001000011111001101101011001011001010100010100101000011100
0101110011101010110010000101101001111111100111000100101010000010
0000010001000010110110111100010111110001101010111110010010001011
1010100011101011101110011111001110100010110111001001101110011010
1111100000110000100101101010011010111110100111101101111110101101
0100110110010110000010011000011101011100111110100110110010010111
1101111110001100110000100111111011001000111111110111101111010101
1101101001111111001000100111000111000101011011011100100110110111
1011100110110100111010110111001011101011011010000101100010100001
1100101000010010010111111101000010011101010011000000111110000010
0001110000101100010010010111110011001011010000001110001011101100
0110111010100100010111000101001011010101011011000011110110011010
1110000001001101001010000001110000111000001001101010011000111010
1000111101111110110011010001110111100100011100101111000011110001
1110010010110110111101111010001111010101100000011100100010000000
0110100010101101110011111100000111011010010100011000101110010011
0001110110001110001100111001011110011011000010011010001110100110
1100101011111011011001000101110100111100110110101101000011101101
1011010010000011000111101111101000010000011110010111000100000011
0010110101001111101111100000111000110110111101101101001010000101
0000111101110011111110011001110000111110101110011010010101001110
0101001001010010100100111011000110010000111101100111110100000101
1000101000001111011111111010100101111101101100011011111100111011
1100101110101101101101001001011110000011111011100111010000110001
0010101101011001000101111011111011011001001000010110010001011011
1110111011001101011101001110010110110010010001011110111000000111
1011011001001111100011111110000111111101000111101110110100100011
1110111101001010001110111100110001010000100110000000011101111011
1100101001100111110111101000000101111101101101010100100111111101
0011111101100110110011111110110010110001110001001010111000110110
1110111110000110110010101010010100101001001110011110100000001001
0101110000110010100011110100110110000101000001000100011110000000
0100110110100001110000001110100111011111001110011111110101011001
1011110000001000111100001100111110001101001000000001110000010100
0001101010101111100111011001000111100100111101011100100100001011
1011110000000100011110001010110111110100110001001100110110010111
0001100111010010100011101000101100000100010001110101100010000111
0111000010101111100100011000100101100010000001011111111101011100
0101001110110011101110000110100011110011000110100010100010100110
1001100011110001110011110110000000010100000010000011111100111000
0111110001001110010110100110011011000101111101100101110010001111
1101100110011111111011001010110010001111100010100111111110110100
1101000001110010000100110000110101011010011110100110101000010010
1010001110111001000001011010010001010011001110010001010010000111
0111011010011000000001001001111000011000111111111000101001100101
0101001011110010011100011100011110011111001000010100000011000000
0000000000100011000010110000000101010100100010010010110010100100
1001011011001001001001100100001001101100100001001110101111111111
1001111011111111010110110000101111011110000000100000001100111101
1001110010011011010010001111110111011001110010110111100001011110
0100010010110011010101011101101101100011011110110111110111011011
0010010101011110100001100001011011111010010100000001100001100001
0010101010011010011010010011111000101011010111010010000011111000
0100100011011011001011001100111001010101111110101111011011110010
0110001110000000101111010101000010110000100110011101010001010001
0000111111011111010000101000100011100110011101101000111110011101
1111001110110100000001100111000011011010000010100111011101000000
1011010001101001010101100011110101100010010100100001001011010101
0110010101100011110100001101111110110100000101100111011101010100
0001101101000100010001111110011011000011010100010111010001100000
1001111101001001001101110110010110101011100110101000000011000000
1111010010101011111011010111010011011111101101100000001010110011
1100000011111110011001100011101000010000001101001000101001101111
0100111011010010010111011101010010011000000110000001100110010111
1010100001111100101110010111110011110001011010100010011001101011
1010001100011110111110100100011110100110001100010011000011011100
1001011110111010011110111001110011000110110100010111100010010100
0000101110001010110100001010110101110000011111111110010111110101
1110100110111100100111011100101010000111001010110100110011011001
0101110111001111010101011101100111111110111000001000001001000111
1001010100100010010101111101101111000000011101101111000010110111
0011001011101000100001110011010100100001010011010001111000010011
1001010000100101101101001110111011000101001111011100101100010000
0001011110000110100101011101110110101011000101111011101110000011
0100011111111000100001110011111100001011110101000001001100001000
1000111101010100001111001011111100111010101111111111010110010110
1010010010100011000101111100011100100000001001000101111100100000
1000110101100111110001001010001100111100101110001001000110000110
1011101110101001111101011111110011001101110011110101101110100100
1001100011101000101101010101101000001000001000001010011011111010
0001010110000111110010101001110000101100001001100111000000101101
1110011001001001100010111100000010100100101101010011110011000000
0101011100101011001010101110110110111100110111110111011000110100
0101100100001111101011110011011011000100111101110110111011010110
1110011110000111001110110100110011001000110000101101010100000100
1110101111111101000111010000011011101001100111010100100100101010
0010000111100011110000010010000111000010011000100010000111000110
0000000110010011110101101011111100001000111101110001001111100001
1010110000011111011100111001011010101101100001011111101010100001
1111100111101000110011110110100111100010001001000000101110111100
0001100110110001010011011101100101010101111110000001001000110001
0011111101111111011110100011111001001101110100111111011011000110
1001000001110000011011011111110001100010010001100101110100101001
0001100001000010100111111101010101010001111101110111101100110100
0011011110011000010000110011000011110100111001100001000010001001
0111000100100100100001110100000110110001111101101011010001011001
0010101010001100101011111100000111011010101001101101111111111000
0000010001100100011000100010000000010101100101011000010011010111
1101000011101001101110010001010000101000011000000000011110100101
1000111100111001101111100010011101101001010000010000110101001011
1000111110111001001010101000101010101101100101100111010100010000
0011100101101000010110101110101000000101110010001010110110001100
0110101110011110000110001000001110001111111011010100110010010100
0011111010110110010110110111101111100111111001111111110001000100
1000111100010011011011100011010010001110111101000011000101000111
0011010010011000111110010110001111100000001100010001011100111110
1001100010110111001010110110111110111111000001010001011001111001
1100100111001011111000011001100101110101111000101100010001111111
0000110100010000110101010101100111010011110001010110000110101110
0111011110100001111111010010000000111010011101001010100101101000
0101111101101101000010010000101100110001001110101100010100010000
0000111110111111000100100100111110101111101100000001011101010111
1011001001000010001010101010010101101111011111101011010101000111
0010100101011010011010011000110010011110110000010101000001101111
0000101010011011110010111100011111011010111001001100101011100111
1100100101100000110010010101111011011111101101101011111000010000
1110111000111101011111101000011110010010001111101100000110110011
1001111111000110101010001001101000111011001101101101000001001101
1111000001110000111110001100000000100100010011011000001011000111
1111000101111110110101010011001100001110001011110101110101001100
0000111110011111101000101111001101100011011001001100101110101000
0100101011101100100101110000100001000111111101001101101001010001
1001110000011101111011010000100010100001100111101011111001000011
0010100101011001001011110011011011000010110110111010011110100010
1100100010111111001110001111101100000111100100000100100011100100
1100010111011001110000000000010011001001001000000100001000100010
1010000101011001000101100001101110101111001111100011101100111101
0001010001101000111001011011100011000100010011111101110100010000
1110011010111110111110000101011001000100000111011110111101010010
1010011100110010000010010100011100011110100010100001000110111100
1100101101111111001001101000001011110011100110010000100101001110
1110001110011100111001100110101101110010111000111000111111101000
1010100011110001000001011100100101000111101001010001001101001000
0011111000100011110001000100000000100110100001010110101000101110
1101101111111011011011010110010111010100111100111111000100111110
1101100110001010111100110110111101001111111001110010101110011110
1000111000111010010010101100110011010011110101000000011011110101
1111001111010000000000100101101001011110010101001001001011110111
1101110100000101100001001111100110111110011100101001101100100001
1100000001010010000001111001001011000001110001010011100110101011
0110001000100101010111001001000000010000111101000100110101010011
1110010110111001010100100001100111001111011101100111000011001001
0011100000000011101111000011011000010110101001100111111110101111
0001111111010100100110101101101001001101010010011000011011011101
1001100000110000100001100000010011011000010010100110100011011000
0111011101110000110011111001011011000010010000000111011100011010
1110110110000100011101111010100000001000010101001000111011011011
1000111001100100010010110000100001110001000000100101011001100000
1100110000101000110011010110000100001001011010010101111111100110
1000110011010111111111000101000100011000000011101100110010101101
0111101000111111000111001011011111000011111111001000100001000011
0011011101111001111001010001011001000000110001110111011000110110
1000101111101000010000100111110000000010011010100000100101100011
1111101100000000110101101011101011111100011000011111101001101000
1110000111000000111101010010011110000100011000011010110000011101
0001100101001100000110001111010110101111110111010101001010001100
1100000000111101110111000011010000001001000001001000001101010110
0110111011110110101100010000001110111001101010011010110100111111
1000110001010101010000011111100111101110111000000011000100100011
0101110101000110011011000001111010010011111010011111100101111001
0110110010001000110001100011101101110100000100010000111000010001
0011011110110011001111101100110110010001100101001101100010110001
0111000101110001111110011011101101010101111111001011111011100001
0101110011100101011011010110110001111000110100000001110000101001
0111110100100000000010110010000000000101100111101111000010101011
1100100010000101111110011010001111111000001011000101001001001001
1101101001011000101110101101011110110110111010111011000000111111
1010010001000011010011001010000011001110011011010101100011111100
1111111010010000000001101111011001101101000100101000011010100100
1100000001001010111011000101110100111000110000000111001110101101
1111010111001011101001010110100001110011110010110111001100000110
0101101111001101110001110011011000010011111000110010000010101011
0110100101011101010001011100100110110100100101000011001001100000
1010001110111001111001010111100010010111100001000110000110001011
1001001101011101001100000111000100111101110000010000000001111010
1001000001010001001000011011011010011011001010110101011010011010
1101000000010001101001100010110000011111010001110010000111000100
1101011000011111111111011111100110000000101010011011100001110001
1110111111011100111110001100001110010100000000110111010111100110
0011001100110101100100111001000101100110101110101100100001101000
1011110000100101101001110010111001111111001011010111101010111010
1010011110100010110110101111100100001100100111001100010010000000
0011000011101100111110100000010001011101001111111100110010000110
1011000100111010011000000100011010100001100011000010110010111110
1011100000001110100111110011100111011000101110111111001101001101
0111010001111011011011110100000010011101101010111000010110001011
1011011010110001100011101010111001101000001110001010101011000111
0100000101111000111101000000000010100001010110111011101000110000
0000110011110100001110010101000111111100010110000011111100101000
1011000010011011101000010100000000000111110101011110001011110110
1101101100111100100000101011001110001101010010001110010000110111
1000001111000111111101100110010011110000001100011111110101110000
1010100000010111110111000010111101001111101111101101001111111011
1010111000101010011101110000110001010010111100110010010001011000
0111111101001011011111110110011100110011100110111101001101011111
0110000111010100100101100110011100100111000110101000111111011011
0110000110111000000000110110000011000110101010101100111111101100
1010000111011101111100100001000000001011110001110011011010110000
0111000111010000010001011010000010001101000111110000101110010110
1001000001101100100001011101111001001000010010010011110001011101
0100001111010011101100010000001010100001010100000111011010011100
1101110101110101001111110011111100111001011011111001101111001011
0001001011011001100010100010111110110111110000001000110001001110
1100011111110010011000111011110110101001101111010000101010110101
0001100011011101100111110101111100110101000101011010010110001100
1110010001011100010110000110010000101110000001101100001110001111
1011111100110001101110101110011110100101111110110101000001010000
0001011110101101001011111011100110100101100011001010110001101000
0011111000011010101110100000110101011101010101010100110110011001
0001111000010101011110100010111111110110110011110000111010100111
0110000111010001101111101011110010111011110000100110010100000000
1111001011011010010001011110000011111000001010001010110110111010
1110000110011011100100001000110110101000000011100000110110001000
0101010011000000001100110100100100101001110110001111101000011101
0011110010010011001111001001100101011011100100111110100101010111
0111011000110100010111100000010000000000100110000010000011100100
0111101111011100110000001011100001001000010110100000100101111101
0101111010100111100010010010000000010000110100101100001101010110
0110011001110100110001011111001001110100100100000010000010001110
1010111101100011010111111100111011011000011100110100110001000101
1001000010011000111010010000110010110111010111111110001101111100
1111110101000100111000101001111100001110100001001000110000101011
1100111110011110000010010001110000000100010001001000110000110110
1101100111001001110000001110101000001011010000101011010111000011
1110111110111010010111000010010111101001101000010110101101100100
1100011000110110011001011010010011001101001010010010101001111010
1110011011111000101101010011011101011001101110011110010000111001
0010111101110011100001111100000011001000010101100001011001100100
0000011110010011111001000101111001011100010001101000110101101011
1100001001110101011011111111110110000001110011100001010100000011
1100100010100010000000111011100010101010000000010110000000111101
1001011101110011001010101011000110000101100101010011000110100010
0111000101110110101010101011011010101100000110010110110000010000
0001111010110100101110111000011010000110100010010000110100110010
1111011111010100011001010010110000001111010111011110111101100010
1010100100111111001110110111001100001001101011100000110110011010
0010101101001010101100001001000010000110000001011011000111110101
0101100000110011100001001100111000111101111011001100100111011100
0011110001111110010001001000010101100001100100010011001101110010
1001100010111010111011010100111000110001001010110100001010001011
0000110111001101100111101000110010100110000010011001111010010111
0100100100100010010010101100000010111011110011000000100001011010
1101000110010101100111001000111011011001001001011101100111101110
1001010101001100101101100111011000110100010101011100111010100010
0100001000101111110011010010101001101110111001000011110011111010
0111101101100001000001001001101100110101111010000100110101110110
0010101000100100101001000110001010001010001000001010111011110110
1010110001100100011111101010101100010100111001011100001011100001
0111100110101111010111001010101110010101010010100000011010110001
1111101011111000010010110000001011001111101100011001000011111011
0101011001100011011111001001011001010101000100010100010110110101
1001010111001111100110011100101001001100100000010011010110110111
0001001000111110011000111101110011100110111111000000010001111110
0111110110000000100111010101111110111101110111100111000100011101
0110111100111111100101100000101010010110010110110110010111011000
0001101011110101111010000001101110100001111000111110100000010011
0100000110000011010010111011000110100110110100011000010100011110
0011100000101011010110010111101010010011101000111110000011101011
0111011001111110111111001001010101100000101101011001100011001000
1100110111110011001110100011011101101110000101101110010000100011
1111101000101101010110100001000101010111000010110111011000010101
1101011111000111000111111110010011101110001111110101101110111001
0001001101101111000001110000101110011110010111001011001000010011
1000000010011010000011001001100000111010011100001100001000101101
0010101010111111101101111100000111000001110011001111100011100100
1000100000100111011000010000000001001111101100110011100111001111
1001101011100010111110000000000100010001011001101111111101001000
0110110010111000000101001001010111001011100000110101011101110001
1100001000110010001011010010011001011100010010000111110111011111
1000111110010001110001101111001111001110011000100011001101110000
0110001001111010111001010110000001001001010111111100011000000111
1110000000001000000000011011101101000000111011110110100000001001
0010001000100100111001010000000011101000111110110111011111111100
1000111111101110001001110011101111111000000111010101100001111100
0010101100110101000000001111000101011000001011110011101111010110
1110111011000000101100101100101000011110110101101010100000011100
1010010110101011001101111100000001001001000001011100100101001111
0110011000101101101111000011000000100001111010011000010111101100
1111001101000000001101011000101010100110101100100000110001010001
0010010001000101000000111010110000001111000000100100101001110010
0100000001000000111110100000101011010011101000010110001111100000
1100011000001100000110101111100001001011100111100000000100001111
1010010100101011001100100110100001001011101001110100011011101010
1101111000101111111111000110001110011010000101011101110101100100
0001101110101101110111001100001001101110110011001111100000011111
0011100111111001011001001011000101000011110101001100101010110011
0101000110000011000001101000111110001001111000100001101001001110
1100010000011000101100011101101110000010110110101100100101011100
0000110011001101000111011011101101001111110101001100100001100100
0010000110000110111101101010000010011011001101010101101010000000
0010110110111000101110010001111100111010011110101011100011101100
1000010011011110101101100101111000110100111100000000100110100101
0010010010010111001110111011110100011011110100111000100000100110
0111100001111101011111110010101000100101010101111101111001110100
0001100010110001000010010101000110111011010100111111100010110110
1100100111010000001001100110001011011111010000001111000000111001
0011010010111010100101101111100110010001100110100000001000101110
0011110110100101110010011101000001011110111101110001000111100110
0110000011000100010101110111001101000100100001100011101000111110
0011101101110000001100101001111101111001011101011001101010110110
1011010001101111001110011010111000110000000111001000000010010011
1011010000001010001000101100100011111011011110001010000111010000
0100101010101111110101111001001010110110011000011110100111001101
1100110010110100101110110011101010010011100010111101111101000100
0011110001101111111010011011101001101010101111101101100100101010
0101100000100111011001010000101111000011001011000100101010100101
0001110100001101110001111101001000011011110110000000001111110110
1110110011010001011001110000110001010000010100010010000000011101
1111101101010011001000100001011000001101001101110111110011011000
1110001101100101001010011111011001000100000101011111011010001000
0001010010010100001010100000011011101110000001100011101001001000
0000011010000100010010111010111100111110111101110001011101111100
0000001000011011011100001001101001111101111111111101011101011000
0100010010101101111000001000000001001110111011111111110001001100
1000011111101111000110010011110111111010011100011111000010001111
1110111010101011000011001010001110101111100100011111101010001111
0101000001111001011000011110111011100110010101110101000111011110
1111100010111110000001101100010101111010010011101100011101100000
1111001011000101111110101111100010010110001111110000110101010010
1110111000000000101000101111000110000001011001111001101110001011
1111011000111011010110111010011100001100001110100101011001111111
1111101110010001110110001011101000000100011001111110110111100011
0010111000110001101110111010000110000101011010100001111011000101
1001000101000001110100011000011011001111000001100010010110111111
0001101010100101100111011011111111111001110111011011100001010011
0011111110010111011110010001010111110111000010010100101110110111
0100100101000000001000001010001000010000010100101101011001000001
1111000111101111100011011011010000001101101100000001101000101111
0111001010010100111100110001110101111101001110010001101011010101
0011101101010111010111010101101001100001100000111010011100111001
1011111001111001001010101010010010011111111111010010000000100011
1011000011001010101110001100100010000110110100011010001011110011
1111001010010000011011111110001100011011100010010000011010001010
1010111001101110011100101111111110011100101000101011111001110111
0010110111001110101011001100111110000100001110001000000111011010
0100001101111001011111000011101100100101010110101111001000110100
1000111111011111111010100001111011101011111011011001001111000100
0110100001100110100101110011110100001101110101101000010011100000
1010001111011000000100001011101101110111100101101000001110011011
1011111011110000110000100111101010011101010001100001101001000000
0111000010111111111001111000011111010100111101101100100110010000
1111100100100010101000011000001000010110101101000111100111000010
1101111011111001000011011001000100011111000001001101100110011001
0001110001111011111010010110001011110010110101110101111100101100
1100111101110001111001101101000110011001111011001000101110110100
1000111000010111101110111000100110111110110101101000011001001000
0010110000000111110001000011000111000010101011010011110110000100
1101010111010001000011101001000101000110111011101100100001000000
1100010000110001000011011110111010000010110000110111011011110111
0011000010100001101001011010011000010010011000100000000011100101
0101000011100101011101000111111101101100010011110000001111111000
0001101111000010011001011110010100011001001000110100111000010100
1000010110101101011011110010011111100100001111010001110101000111
0110001101100001111011010110001111110011000111010110001100011111
1101111001100000011111000010001101001011011011110111011001110011
1110110110101001101011000100010100000101011000111111100100011110
0011100101101001010000000010010000010101100101001001111110011111
0001111011001100011000111010111100011011001110100000001111001111
0111111101100001000000000110101001011110011011000001001000011111
0010100000111101100110110111110000100000000010000111001101011000
1000111001001101100110010101111100010011011100110111100101100110
1000000010000110110100110100000000011001011111001100010011100110
0100110101111000101111101011010111111111100010010000111000101001
0100110111001001000111101001000100010111000000111000001111100000
1010011001111000010101110111110010111011100101100100101001110111
0101001000110000001001011110001000101010111001010011011111010011
1101001111010100101100011000111010011111001110110100111011101001
0100110111000010010111110111011101011001001111100001111111110110
1110010110100100100100001110100000100101111000011110100011101100
0011111101101101001010100001010011110001100110111110011001100100
0000100101101011001101011101110111010100010111100100011010101110
1100000110101101111001010011000101100001111011000000000011110010
1110110000100101110001111011000011010100111111100110011110111000
1010001000111000001101001000011100010100000010011000100100110101
0100101110100110000011110010011100111100101110110000010111111111
0111001001000100100100011101110111000111011110101001110110101111
0100000111000111000100110111101111001110100101001110011101100101
0110100101110000010011100111110110100101000010010011001001111010
0011100111010100001011011011101101010001011100110001111010000001
0101111110001000011100001011100011010110111100010110011100101001
1100011001001111111011011111110001101111111011111011111000011100
1010101000101001110101010010010111001010101010100000001010111101
0011110011111010010101100000010101000001110001011101111010101100
0100000101011011000011101100001000110000110010010001011111011010
0010110111011111001111000001101011001101001100100010110110001010
0110111010001010111000110110000111001100001101000011001111011000
0001111000110001110110100011000010100101011110111000011111111100
0000111001001110000011001111100011100000000100001000001101010010
1010101100111011010100111010011011100100011101011011010110000101
0011101101110010011110110011010110101000011100110000110111001011
0000110010000100000001100011100000110000000100000010111111010111
1101111000110010100001111111111110111101111110011110100111010010
1011010110011010001011110100010011011110111101001001111101111000
1110100110001111110010011100110111010110110100011110101000100100
0010100011001010110101010101010010010001101000110110010011111010
0101110111011000111011001100001101111011100101011101001110100101
1101110011111110101100111011101001000101101000111010111001111101
0101100011011111010001111100111001001000011100110101101010100000
0100100110001001010110010000000100011100111110100001100001011101
0001101110000010100111100110110110101111001000101000001100010000
0011000110011111110110100111101110100111001000111010101001111111
1111000010111101100000000111111101010010001100110111101100101110
1101101111011010101111100010011000000010001101111111011111101101
0010110010110110110001111011110110000011010100101000111011011100
1011001101001111111100011101110101000110110001111101111000111101
1011111111100010111011010001100000111001001010111001000100100000
1010001001101110101000111001000100101111010001100110111010110011
0000101100100011101011100111011011111110100011111011101100100000
1110110100101010110001011011100010011011110000110101010000100010
1011111100110100000101001100111001011010011000110000110101011000
0100111101011110100001001000110000110101000010101101011111010010
1010100101010000000000110110000001010101010001011010010100000111
0000110111001100010011110101011010110101000000110000010101101001
0100010010101101101011110110011101000100101010001010001001001000
0101011001010101100011111001010001010011101111101000110000001110
1011110001111110100011111010111001011011100001001001100110001001
1010111001101101001010111100110000010110111010000100001001100110
0001111001010101011110011000000100101000001111001000111101010111
1100110010100010110000011100111010111100110110110010110111110010
1101111010010010010111000111001000010110010000000111010011100100
1010101111101110111010001000100101001000000011110111100100001110
0001001111111110100011011111000111101011010010011001001110001001
1000111011110101010011000000100101010001100000000111011000100001
0110011010000110110100000100000111110101011000010101101100001000
0000001010001100101000100010100001001000001001101011000011010110
1110111011011001110111100010010011010111010101011101111001111001
0000001010001110101111001100101101100110000010101000011000000000
0100110001110111010010010001101001111011101101010111110111011010
1000010000000111101011111111001111001110111010110010001001111010
0101010010010101010100100100110111010100011111000101000110110110
1010111101101000010110101000101000011101000111110110001101111110
1110000001101111011000110001000110101010011000011110011111011001
1101110011110100011010111111101000000001000000111111110000000100
1110001001111111010101101000100101010000001001101111001100001111
1010001000001001010001011010110011010000111110110100110010001000
0010111010110100101101101101110101101001101001010001111110001111
0101110110101111010110100100010011011001110001100010100100111001
1100011010010101011100110011110111011110011101101000110101000100
1000000001101010110101110110001111110101110001001010011100101001
1001110100000110011110111101101111001100100101010111110001101011
1011110111101110011000010001110100111110010000001110010000000010
0100100100001010000011101101010110011100111001100100111110000011
0001011000111010100010001010000001101111000100101011110001011010
1111101011011111111000001001010111001111111111101010111010110010
1010100001011100111100011000101010100101001010101101101101000100
0001100001000101011101111011110000111111111100010100011111111010
1111000110000011000100000011110010101000001110011000010111000101
0111110101001001101001111111101111101100010011010101011000100101
0101110011000110010101101110000111000100001011011101010101101110
1101101101111110001110011111000111010110101001100011010100000000
0001111110110001100100001101011100011010011000110100001100000000
0011001111010000110000011011001010100101000000110100110111111011
0101111110010111010011110000011111000101110000100110001001101101
0001000101100101010010101011000111111001000010101101101100110101
1101110101001010110111101110100001001000000101010011100110111101
1000011100100101110101011010011110110100010100000000011011010000
0110110001101011000100010101101100010100100011001101101001011111
1000001010101111111010000101001001000111111111100110110111000101
0111000110001101000011000100100011011101110011000001110000110111
0010001011111010011100001000100101101110111100110000111010011100
1001101000111100011011011100111001101001000011110001111010000111
1001110101100110011011001110110010111011100010101111000011001100
0100001101000000001111101101110011011000011110101111101100111111
1001010101111111000100000101110101010010111010100110110110001111
0000101010111110101000011011110110101010101010011001100000110011
1011001000010001111011100011111100101011001100100000110101101011
1100111111011100111010001111111010011101000011000110101001101001
0000011000110010101111001001000110001010111100000010111111101100
1011011000000100011001010110000100111000000010110101000000010110
0011000001110100001101010100100111011010100101011011010100100001
0011010010000001100001001001110001010000101010010010111101011111
1100011000101011100000101111000001001011011101111100101001100001
1101100101000010101101010011001110001111011001010111000010100100
1110101000101111100011100011010001000010000011000001101000101110
0010110110100010100010101111010100010100101110001010000110011101
1101101001011010100000001101111100110101000001000001100111111011
1100001010111011011000001111010001100000011111010010100011001110
1001001000001000011011110011110001111110101011010001010001100011
0000111000110011010001100000000100110001000110111011101110100011
1111110101101011001011101000111010100000010010011110101010111010
0010101111001100000111111010000101011000111100011000001010100110
0101100000101001110101000001110011011110100001011101011010010000
1111111100101000011011010110001110111000101111001001100010001111
1111110000000010100010101110111101010111101000110110000011001100
1010001011100111001101111101110110011110011011000010000010011001
1010001110100011111101001100011010010010011011100001010101000000
0100000111111011101100010000001101001111111111101111001010010101
1101100010110100000111010000101100010000011100100101000100101011
1001010010111101100001010110001000001100001110101001100111001111
1100000010011111111010111001010100110110001111011011101001011110
1010001100000000100001111001100101000011100101100101111001010010
0000010000101100010010001000010101100011100111111010110000011010
0110110100101000101010100111010010111011000011000111111000001100
1001100000100000001100000111001001101110110110011100011010000111
0000000110101110000101001111010110011110110101110010111110000111
0110111001011000001111111111010011001110000000011100100111011011
0100101010001010101101001010011101011001110101110111101010011111
1011010000000100000000101010010111011110011001111001100110001000
0111001011000101001010100000110110000001000000010111100100101100
1011011101011100011111100101110011011101001001011001011101110111
1001100101111000101011100110101101000100101110000110001011001100
1110001001111001010101000110111010000100110111001101000000100101
0111100000011110010000000011100010010010000000100010011001110000
0000000001010001001010111011011011001001011010110100010111000111
1110111101001011010100101100010100000000001110000011101010011000
1100101001100110100000100011010001000100010010110100100100101000
0100101010111111101101101001111101011100110000001000010111110011
1111001101000000000011011011111100100010011110001111101011000011
1111111000011011101011111110100011000000101011001010110011011010
0100000111011000100111110100010000000110111101111111111000101110
1000100001110000111110110100100010100100010000001010111001111000
1000111000100111001110010000100111001101101000110011011001011000
1010010111101000100011000100110010101010100111101110010111010000
1110101101101101110001001110010011100100011000101001100101101101
0110101010011100101001010010101010001001011000010011000110110111
0011011011100111010100001100101010001100001010010010111001111010
1101101111010011110100000001011110101100001000010100000110111101
0001110100010110010101000101101110111010000000010000100110010110
0111001001011001000100001001111011110111000011011101100101010101
0110100110110001001011101110101000011001100111110000000100100110
1000000100101010101110011111011111001001101111001101100011100001
1101100000111011010001001110001110110011101100001001100101011111
1101110111101100010010001110110011000001000100000101110010110010
0100000100101000101101111101111110000001010110001110011110101111
0110101101111001010110011110101100101011111111010000011001011110
1001010110100111101010111011100000000111011100011000001110101000
1011010101110000010010101100110111010011111001001001101101001010
0110110100001001000010110101111001101010010010010101000100000001
0100101100010000110011100010011110000001000111101110101111001000
1011001000110100000111011010101111000110000000101001001100100001
0111110100100101011001101000111110111010000010001010011100110101
1010100111011101111111011101011100111111111011000000001001011101
0110000011101110000101110000100000010011011010100011010110001011
0111000101111101100010011010110100011010010110100100011101001110
1010000101110101110110111000100001011001111010101011100101101000
0100000010010111000000100110101100101010000010001000101011010101
1011010101001001110000100001011010110110110100010010010010101111
1011111101100011101011100000000101000101110110100100110101010101
1001100001000111101101011000001101100000011010001001100101101001
0011011100001001011110011100100011010010110101111001001001110110
0101000010001011011011110111000000010100011011000011110101001111
1111000110110110110111100101001100101011110010011101111110101000
1101000000000011000011010100110001001110111111100000100100101000
0000011111101011110000110001100000110110001001011010011011010001
0010000000110110101100001100101100001111101100011011000100110000
1010000000000001100110010000100010000001100110011101111100001000
1011001010111101101100001101001101010100001011010000100110101100
1100100011100110111010011111010010111101000011101100101000110100
0100101111100000011111010100000010010001110100111010000111110000
1000011101011110100110000110000101101011001101110101001000110100
0100101001010101011110000011011000001101110110101110100011000010
1010101101101100111101010101101001110010101000100110001100101101
1011000000101000100100011111100111011100111111101100101001011111
1010011100001000111000101111100100011100001111100001101011010000
1110010111110010011111011000101100111100000110011100010000100110
1011001110010100110001011001101010111001110000110100000000010000
0000001100010110001110101011100010101001001110100010010000110000
0000110101111101000110110111111000110111000101111011000101001010
1110110010110101101110111101100000100011111100100001000100010011
0011110101001000101101010011011000100001101110111000001001011010
0011010101101111001111001000111011111011011011110111000011110000
0011110001100110111101111111000101000101100110011000011101010010
0111000000111101100000011011100101101010110001110110100000101111
1001101111111111111011010101011011011101111100000111111001011110
0011101101101110010110100100111100010101101010101001010011110000
1111001010010000010101001010101111100100001011011101101001011101
1111101100101010010011011100000011110100100110000101010110000100
0001000010011000101100011100111010010110010111010111100001100001
1111001101000010011001000001001110000101011001001101111011000111
0001101000000110010001110100101110000100001111110100001001110101
1011101100111010110110011000110000010101010000100101011111110011
1100011001001011010011010010000100111010101000111111101011000011
1001111100000001011111001001101100100110100010010110001111010110
1100101011100101101101110100000011001010000011110110001010101110
1101010100110101010101110001110110100111101010001001111000100111
0101001000100110001110000010110000101101101010110001100010101111
1110111010100100011000001001000100000110011010000101101111001011
1000001101011111100010101100100000101011110110010110000100101001
0101010110010110010011011000110001101111100000011010000011111111
1010101111011001101110010010111000010010010100111010101111100001
0000011011101111100010010010000101001101111111111000001010000110
0110100110110011111011011101001110111001100100011101000000110010
0010000000010101101100010000001101111011001000110100101001011011
1101001111101001011001100101001001001010010000010100111111101000
0011000011110100000101100100111010100011101111000011001111011000
0100100011000101001010101110110100010011101011011100110111110111
0100110001000101011101011001110010001101110011001110110001010110
1011001011110111100011100000001011000011110000101000101000100000
0111001101000011001001011000000001000110011101100000100101100000
1000000011111010111111011110110101101011010001101101010010110001
1000101001101110001100110111011111011100001110011011110010010101
1100101000011010101111010111111010101110100101000000100010111001
0011000101101010101001100111100000010010101001111010111101000101
0001010011100101110111101101100001101011111010110000001111011011
0111001001011001010000110111111000111000100111001010100100010100
1110000011011101001101111001010111000001101101100000101011001001
0011101110000110010110001001011100110010000111110011100110101100
0011000011110101100011110010100100101111110000000011001011111101
0110000111001100110110110111111111100101100111110001111101000000
0011001110110001111001100110111110000101010011110111010100000000
0100111011101001001100001010101001000001010111100110010110110011
0011101110100110011001111110111010000000000100100101001110010110
1110111011001000011010011111010100001111001010001111101101010000
0001101000101111101101100000111110000110111101011100100101001000
0011010100110001100011001000100000000001100101100101001001111010
0111100001110110101001000110110001111101011110100011100101101010
1010010010011101111101000111101000110001001000101000100110110000
1010011000000000011110111110011110000101011100000110100100001000
1000000011111101000101100100010010111011110000000011001000100000
1110101001001100011100111000101000011000110110111011101010001000
1101010001111011101110001001010001101100101101011101111100001101
1011100101111101011011011010010111111010110011110111000101111100
1000111100010001010100110100001010110010001111001110011110100111
1010011100101011000010000001110111100000111000000110011100001110
0010001011011000010010110001000110001100100101100010101101110110
0010110001101101001011011111100100100000001011101001100100000111
1101001010001001101000011101011010100011010110110001100000101110
1100010110010111000000000001111100000110011000101010101101011101
1001101010011100101000111011010010110100100111110010010001000101
1011000101100001101001011010110111000011000111100110100111001001
1111011010001001110011100001011110110101110001001010111000110101
0100010111101001000100110111000001101100001010110010100011000100
1011111001001011101011000001011100010100101000110110100000101001
1001011000111000000010110101100111111010001000101011001001101100
0111110011111101100000100100011111010001010001101101010111101010
1011000110101101010101101010101001110101110001111110001010000100
1001001000100100010011101110000100011111110001101100010110010000
0101110011100000110110000100011101010110110010110001101110011011
1110001111001000001111010101100011110101101101010101101110110010
0110010001000000001101111101001111000101110001101111101100100110
1000101100100110110001000011101100101110000011111000100110101101
1001101001001001001010000011011000111011010011101001101010011110
0100001001111110100011011010010001011100010101001110011010010100
0000010000100010110010011000101001011010010101011001001000011010
1001010010001010011010011100010100011010110000100100100110100011
1011010011101101001001011111011001010000011111111101101110001110
0000000110000001100100011010110001101000101010110011111110111100
0001011100010100000011101100101010100000011010000010111110011001
0100010100110000101100110101010001110001111001010001110011011101
0111101101001100000011100011000100111010011000111001011111101011
0001110110110000011010000110011011110100010000010101101101101001
1000100101111110011001010011111010101011010011111101111010110110
1101010110000010100010010000110100001100111111110101001101111111
0010101001001001001110111000111001001110101001000111010110011101
0000011110000010101010111001011011010101001000001111110001100110
0101100010000110111011000001010001101000111010101000100101011100
0001110011110110001011110000101110011110111111100111111000011110
0111011010001010110100111101010100100011000100011001100111001001
0100000110101100010100001011111000100010111000111100111011100001
0000111010100110111110011100000010100101001111111010011111110000
1000001010001101101010101000111000111111111111110010000001001001
1000110101111001100101010101011110111100111001100111011011110110
1100010010011101000011100110010000110110010100011101010100011110
0000110010111110010001101001100101001101111001101010001000100111
0100000110011110111011101000111011010000101101111011001010001000
0011010010111000101010101000111100000000110000011111111001110101
1011000010001001100111011101101000100010011010000100001010001100
1011101110111101001101011100010101010111001100101001001000111001
0111000000011011100101000100111110100101011000011101111010110110
1001000100010001011011000010110101100011010010100010000010110001
1001101001111110110011100101100001000111111010110111010010001011
1100010100001101000000111001111000100100101011100001001010100111
0100010000110000101110001011001100001010001110001010111001111010
1000011001011001100010011010110100000000100100101001011111110101
1010110000010001001010010111000010110101101101000011010001000010
0001011100011000110001001101111001100001100111111110000000110000
0100001111011001101111010010110011001001101101111100101100010101
1110101010001111000110010010011001001010010111111011010100100000
0001000110110001010011101010101010010100000011011001001111100000
0010100111000100010000111101011110000010101110000100110010000010
1100011010010010111110100001000011011110000010100111101110001100
0101010000010000001101000101111000110010010011000101000011001111
1011101111110100110110011110111001001110111110010010011100010111
0011110111000011011111000100010010001101101011101000000110000100
1011110000100000001010010000011110101010000011011111101010001011
0010111000111110101010110010111101110001101001110010010010111101
1010101001010001111001001001111000001100100101001110010010010111
0110010011100001101001011110101110101011001101101110000110111101
0011110110111000011111010010110110010110111000100111101111010101
0111100100000110011010101011101100000001010011100110101011011110
1101110111001111101010001100110011011011010100010100101101100001
1100010110011000111110101001100001000111101010011100110100111111
0000100111110110111011101101101100100111010101101111001100001111
0011010000000010110101011010100010111000011100101101001110011000
1110101101110101010011110101110111111001111101101111110000101011
1000011011111001000011100111001010110111011110100110011100111110
1101011010110010110011011110111111101001110000101010001010010110
0111100111011100001000101011000110001110011010010001001110100011
0100001100000000101000111111111100001001101101100111100011000011
1010000001000011011011111111011110110111111100101000001100000000
0110000001000000001000110011000011101001110011111000111000000010
1100001000000011010110101111101000101010010011000110111101100101
1010101101011101011101001001000100110100001001011100000101011101
1000111101011001011011000110101111000001000111011011101111001000
1110111111011000100001000110111111110110000001011101111001000001
1010001000010011101111111100000011100101010010010011000111010100
1101001110111001010110011000101110111111010011000010001001111001
1000101010100101001011110100101110110101010000010110110010101011
1011110111001001100001111001101110110100100111101110100011111111
0000001011111011101010010010111011100101111001000001001110110111
1100001111011110011110111010101110110100111100001110111101001110
0110111011010100111011111010101100100110000011010001011011111001
1100010011110111100110111010000001011110110000001000011110100000
1010101101101111100000110111110000010100001001111111000111010011
0111101010010000011010010000100101111101110110110111111100000000
0001010011101110010101101100001101010000011000110101001001110011
0000011101110001101010100110011011001011100011111100101000011101
1111011000011001010011000011001100100101111101110111000111101000
1100100001011010001010000011111000100010110000110011100111111000
1110001000111010001001010101100000110011001001010100100000001011
0101010000111001001111000000111000010010110010000110011100000010
1100010001010100100000110111110111110101000000001001110110001010
1010011001001000100010000001000001010001001001010011111111001010
1001000001100001001001011110100010111110000010101011000111010111
0010010110100110111000101000101101110010010000111000110010001010
1111011001110011100110001000011100001010111000101000011111001010
1111111010100011101110101001100110111011100100101110111110011101
1000100101000000011010111011000011110111100111101110100100101010
1010011000100010100100101101010011000001010000100110100001101010
0000011101111100101000011001100111010101011011001010011000000010
1110110000001000010110101000110010011100110100010110010111001100
1001111010100111011101000010101000011111100110110111100010100011
1000111110010111111100010110101111110011000111101010001010101111
1100000101100100110000101000011001111111001110000101010010001011
0111011011001101110100001000101111100100111010001001011100011010
1100111011111011110000000011101111010110000101101100100011101000
1100001100010111110010000000001110010010011101111000111001001010
1101110111000000110101110001110011111001110010001110000110010001
0110010000110000000001001001100100010001001100110111011100100100
0101101000111001010001101000000000011110010000100111101011011001
1100110010001011001110101000011101111100100110010010011110101000
1100010001100111111011011011101001011110101001111101110111110001
0011001111101000110100110000010111001000010111111000100101101101
1000010010001101101100111111011000101101101101110000000001011111
0001110111011010100011110110101111100010101011100001011100100110
0001100111010111000010110010101011110101011111001011111000001100
0001011111100110001111000011100011100001100011111000110110000000
0110011000000010100010101010111100110100001101111111101001001001
0000000100011101100011011000111100100110010110110101111101011101
1101101000011000111011001001010000110101101101101110010100010101
1001001000010000000000100000000100010001101000100101101110100011
0100101001000011101000100100110001110111000110000100100000011110
1100101110000011010110101010000101110111101110101000101010111000
1111001111111111000101110101000011000110100111000010111001101110
1111001001101010101110101101001000110111000100100101011101110111
1110110100000001001011101010101011001000100111010100100010111101
1111110000101100000101110001011000000101111101101010001111101110
0010010000000100101100100001010000001100111111101000101111000000
0100100011100000001101001100010110111000100110110001111110110100
0011100011111011000101101101001001001010001100000101010101001001
1101001100111110111110001100100101010001011101110001101110010010
1010010111001000011100110111001110110101011110111101111101110011
0111011000111100101100111010111111010001001010010111001011100110
0011011000100010100110111100111100101010111110010110001001100011
1000111110000111001101001011101110010101010001100010000011101000
0111001000000011011111001111010011000111011001000011000001110100
1010100100101110100111101101110101100100001110100011010010011001
1110100011011011100001001100111001001110011101111010111001101011
1010011010000100001110111000000110100100110110010111011110001111
0010000011110111010010011101001001101111110100010010101010100011
0010010001100001011000010110000100111001010000001011110000000001
1001101110000100010000010010001100001111110110010000001011111001
0100001010100000000011001110000000101011010001000011010011000101
0111101001101110110110011010001011001101101111000111100011011111
1111010000100111111000110111100110111000110010100000000110100001
1001000111010111001110101101100011101010010000000001000101110001
0001101100111101010001100010010000110010011011111110111001011000
0111110011100011100001100010010011011010100100010000111110110101
0001010010000110001110001110101000010000011100011110111111000110
0100010110011100001010111000110011100110100001000110001100000010
0111001010100000110001110010001011011100010000011101001110111100
0100001000101101001110011100001010101101010111011011111001010010
0011100101101000111011101001000001111100010110101010111000000011
1111010001001110100101000111111110001010011010001011010000001001
1110001101110100100101001111100010001100010001101101100111111100
0000110010100110011010100111110010011110001010011011000011000111
0101110001010000011011011000011111100110010010001000101101111010
0010111010011000001111000010000011011000111000001101001010000111
1110000101101010011011101011001111010001111001010110101110111100
0111010100111011111111010100111011100011000010101100101110101000
1000100010011011100110110011010010100000011111010000011000010000
0111110001011000101100011010101111101011110000101011001011101111
1001010011010111101000001100100010111011101010000111010011100100
0100100010110011111011011011011000001110110101101100100111110001
1111100110011111010011101011000111110000111111010111010110011100
1111010101001011000111010000001110010100111010010001110100011111
0101000000111011111111000011100111001110011001111101010010010110
0111010101101001001010101110010010000110111001011011011000011010
1011010111100011001001000011000110110010100101010101000011111000
1000110001111110101001101011000001101011000100000111110011100101
0110100000000110001111010100100100000111101001100011111100111010
0001000011000100010010101011110111110001110101011110111001110011
0011111100010100010000110010100001001010000101011011100110000101
0001001110010101111100100111010110011011111010111010000110010001
0111000010011010001000101100100000010001101111111100101101100111
1011100100001100111110000001010011100110010110000101000110111010
1001000000101011010011110000011100110111110110100110011111011011
1100100010011110010110010001110101100001111111010010110101110100
0111111000001111001111010101100001010010111100111111011010000000
1000100000000011001111111010001000100110110011101100110110101111
1010010010110011111001001010110101110010100101000010010110001101
1101000100000101110001000011100101000010000101110101111010111001
1010111110101110100000100100000000000100010011111110111110101101
0000100011011110101001001101011111100000010111110000100100011010
0111110010110001100100011010111011100111010111010111010101100111
1111110010110111011100001110000111111010010101000100111100110010
1000111101011000101111111100110110111110011101110100011100111101
1101101011000010111101110110001101000110001010101000110000001111
0010001100111011110101010100101110110010011110001000110011101111
1111100010010011111001000110011111110001010100100101000101110100
0011001111000011010100001111111010111111000001101010101110100010
0000011111101100111101100010111101001100100000000010111000100010
0110110111100000000000011010000000110011010101000110001111111011
0111100010100011000111101111010111010110011100100100001001001011
1001001001000000110010101010100000010110011000011000001111011100
1010100011011000010001101010011111110010001000010111000101100011
1001000000000010110100100001111000000100111011100110111010011101
1101100010110010111001001001010010110101001111010100010101000110
1000100000110001011111011110010001000110000011011111110001001001
1100011010110011010100110110001111010110000101110111001010110100
0011101101100111000000000111011110100000010000111000001000111011
1000001001001011110111100010110111100100111100000111000001101001
1010110011001001110110101011110111111111110000010001011000100101
0000000100001100000110101000100011001101111011000010011001110001
0011001100100000110100111101010101101000011111110110111100011011
0010010001010001000100111001001101001010100111111010010000100010
0110000111001001100101110101111111100111111000001101110011010000
0010110010110001111010100000010001100000010011010101001111101010
1010011101101110001001001100000111100011101000101101001101000110
0010101101011000000100101111110010101111011001111111001101011000
1111110000100101111010001101100100011010111000100010110001111011
0011110000001111100000000011011001100010000100000101011001010001
1000100101011101011011010101010001110000010011111010011001011111
1011111111110100100001001100011100000100100111100001101011001000
0111000101001101111000011111110110000001011010101000001110111010
0101101001001000100000110110110000001110001101101111001011100111
0110101011101010000011010100011001110101101001010101101101010001
1100011011011101001010101011101001110111011011110111110111100101
1000111001011000101101000100101111110000001111101001010101010111
1010110000111101110010100101110011110111100010011101011011100110
0000011010011111101110100111101110010010011001010000011110110001
0100100011101001101100101001000110010111111110000101111000110001
0000000100011100011010001011101010010100000011001111111101010101
1011110110001011111011100100110000100011010000001101100001110001
0010001001100000010101101001100000101010010010000000101111101100
1001110010010000010110011011001001101000000101010111101010000110
0111111100110010100100111100110101010011100000011010001101010111
1111111111110010100100100010001000110110000010101000000101001000
1101010011110111011111010010111111110110111001011011010001000100
0011001001000110000101100011011110010010001111011100110010111011
0010101100000001000010001001100111011101100000100100000001011101
0011100001001000101011001011101001010010001010000001000101100111
0011001110101100000111010010000110111100011011100011111001011000
0110111011100011010001100011110011010011100110100010111100001010
1101110011111010011000100000001010100101011100111011000100111100
0101011001001100000111101110101100011000001100110111110000110101
1100110010100010010010010011010110100011011110101000000010010101
1001111010001001010100101100000011100101111000101000011111101100
1101001110100110010000111111001000011111000000001011111011101111
1101101000000100001100010001111111111110101010110100110111010100
0010101011100100000001011100011101001000100000010010000111001101
0110100111111001001010001010111011101011010011111011010001111011
1010100010110000110110111101110110000111001000010010100110100110
0110010110110110101011110000101011001000101001011010000011100101
1101101010011110101011011101001101100000110101100010101010101110
1001101101011100001010111101101100010101110010001101101000000001
1100011110100111111000111010001101011001100000001010000100100011
0010111000101000000110101000101011010111101000111111101000111011
0100011110101000000110011110101100101111101110101110000011010001
0101110011000000010010000011010010101010010100110011010100111111
0000011101001111100001101011100111110011111000000010101001000101
1001100011001010100111001111111010001110000100100110010100001100
0100101010000111110010010001011011101001110101111111000001100000
1110101100110101010010101001001010011101010001111010001110010110
0010111011111000010011101011010011100100111010010011110010011001
0001111000001111101000111010101011111010001011101001011100100000
1010010111101010010001100000011101101001100001001011011101100010
1001000110000000110010011000110000010101100101010111011010101010
0010010010100011111001100011100010011010111010011000010000010010
1011010011101110001101001100110000111010001110001011011111100100
0000011110001010110110011100111100011010011010101010100111100011
1111110110101101110001101101111100010111101110010110001011001100
1100011000011000100000111001000111100010101001100010111011111100
1000011010101110111010010011101011110011101000110011110001101110
1100111101110111011001000111100110111000100100000011101101101101
1011110110001110110111110101001100010111011000110010010001001111
1011101000001001100010010000110010000000111101000011001001100101
0111101111110010010001110011101110000101000000011011110111100111
0100001010111001010011100100110011011010010011010000110000111111
1100100110011011000110111001110010011001011011010001000011111100
1111011010011110010111010110101101100101101001010001100101000100
1000111001011010110100010001000101110111111011010000001110011011
0011100011101000111000011011001000001100101111010100101111000111
0010011100100011000111000110101000010110011100010100110110101101
1111100011101111010010000000000000000000011100110110011000001100
1001100011100011001011001011100001011010000110000010001110011101
1110100010001010101111100110111110111101100000110110011100110111
0000101101001000011001101110110101101001110001101100110001100011
1111111010110011001011100001011000000101111110101101001010111010
0100100001110001001010110010011010010110011101111001000110001100
1001110110100011010000000110110100001111001000011101110011100000
0010011000111011001110010001000100101100010101001001001001110011
0111111111011001101001100011101110000010000010100010111000111000
1011001011110101010100000001000100101000100001110001001111011101
0100001011100011001110101000100000100111101011000101100110100010
1111000100101000110011111111101110111101011100101111101000111001
0111011110110101001011010011011010100111100111001001001010000101
0001111001100000101011100011101011100001110110010110100000001010
1000110010111101000111101011101010010010000000001110100101101010
1101010010001100100100000100001111001111111100110000110011101100
0010010111010101110100001101111111010011001000100000101110110101
0101101101110011111010101000001110100000110100010011101111101111
1111001100001000101100100101011100010011110000000100001010010000
0001111010000111011111100001011100100011010010011000000100001100
1100111111100111010000100110100110011011010000001001000111100001
0110101110101111100101101001110010101101111011100011110111101100
1000011100111011110011010101011000100110101001101010110100001100
1111101000110110011001011000001000011100001010111101100001011010
0001000010000111001111010000110101001101001100111110110010100000
1001011110001010011111010100000110111011101100010011000100001011
1001001000011100000111100101000000011011010100001100001000110101
0000101000000010001010110100010110010100111010001011001000101110
0011011110010111100000100000000001110001010000111000101010101000
1001001011110011001000110111010111001100000001010110001101111000
1000111011101010111010001011111111001000010000000101010001011111
0100011010010001111000101111101010010010010100011110101101011000
1110100010001100000010000100010110100010011101010000111000101000
1110111010111011100100110001000100000010101010010111100010010011
0100111101011011001010100111001001111100010011110100010110100111
0000000010111000000101001000000010111000011101101100101111010100
1001110100111100101001100001100111000001010101100001101001101101
0111000000010111111101111100101010100010101110101101110111111110
0001011011100011110000100111110100101110101100000000110000111010
1011010001010101111011110100111011011101000100010110010110101101
1100011101000010001010000100010111001000110101100111100000110001
1000010010010001011011001011010011011100111110100000101001010000
0111000000110000110110000111001110100111100110101111100111110110
0100100010011100010101010000100000000010011101101101000110010010
0011000011010110110010100110110101101001101100000100010011010001
1101011011011111110001001001100100010001110111100111111011100000
0110011100111101001010010000110001000101101110101111000011100110
0100101100100110010010011101110100101111001101111101101011101100
1001000001111111000111100110111110010010110100100000011111101011
0001001010010001011110100100000011110001001001010110110010110111
